1
1(,2)
2(1,3)
2(1,3(,4))
2(1,4(3,5))
yes
1 2 3 4 5
1 2 3 4 5
1 0 100
2 10 90
4(2(1,3),5(,6))
4(2(1(7,),3),5(,6))
yes
yes
no
7
1
1
1
6
4(2(1(7,),3(,8)),5(,6))
4(2(1(7,),8(3,9)),5(,6))
8(2(1(7,),3),4(9(,10),5(,6)))
1 2 3 8 9 10
1 2 3 8 9
3 20 80
8(1(7,2),4(9(,10),5(,6)))
1 2 8 9 10
9(1(7,2),4(10,8(5,6)))
1 2 9
1 2 8
4 30 70
10(1(7(9,),2),8(4(,5),6))
9 7
10(1(9,2),8(4(,5),6))
no
10(1(9(,11),2),8(4(,5),6))
11
1
10(1(9(12,11),2),8(4(,5),6))
10(1(9(12,11),2),8(4(,5),6(,13)))
12
none
13
none
12 -2147483648 -2147483600
13 2147483600 2147483647
none
yes
yes
12
13
10(1(9(12,11),2(14,)),8(4(,5),6(,13)))
not found
not found
10(1(9(12,11),2(14,)),8(4(,5),15(6,13)))
10(14(9(12,11),2),8(4(,5),15(6(1,),13)))
yes
yes
yes
yes
1 100 200
10(14(9(12,11),2),8(4(,5),15(6(1,16),13)))
10(14(9(12,11),2),8(4(,5),16(6(1,),15(17,13))))
10(14(9(12,11),2),16(8(4(,5),6(1,)),15(17(,18),13)))
10(14(9(12,11),2),16(8(4(,5),6(1,)),15(18(17,19),13)))
1 6 16 17 18 19
1 16 17
1 100 200
10(14(9(12,11),2),17(8(4(,5),6(1,)),15(18(,19),13)))
1 100 200
10(14(9(12,11),2),18(8(4(,5),1(17,6)),15(19,13)))
17 99 101
17 1 6 18 19
10(14(9(12,11),2),18(8(4(,5),6(17,)),15(19,13)))
10(14(9(12,11),2),18(8(4(,5),6),15(19,13)))
10(14(9(12,11),2),19(8(4(,5),6),15(,13)))
10(14(9(12,11),2),8(4(,5),15(6,13)))
yes
6 100 110
10(9(12,14(11,)),8(4(,5),15(6,13)))
10(9(12,14(11,)),8(5,15(6,13)))
10(9(12,14(11,)),15(8(,6),13))
10(9(12,14(11,)),15(8,13))
10(9(12,14(11,)),15(,13))
10(11(12,14),15(,13))
15(11(12,14),13)
15(14(12,),13)
15(14,13)
15(14,)
14 5 6
14 15
none
no
