50
50(30,)
50(30,70)
50(30(20,),70)
50(30(20,40),70)
50(30(20,40),70(60,))
50(30(20,40),70(60,80))
50(30(20(10,),40),70(60,80))
50(30(20(10,25),40),70(60,80))
50(30(20(10,25),40(35,)),70(60,80))
50(30(20(10,25),40(35,45)),70(60,80))
50(30(20(10,25),40(35,45)),70(60(55,),80))
50(30(20(10,25),40(35,45)),70(60(55,65),80))
50(30(20(10,25),40(35,45)),70(60(55,65),80(75,)))
50(30(20(10,25),40(35,45)),70(60(55,65),80(75,90)))
found
10 20 25 30 35 40 45 50 55 60 65 70 75 80 90
50(30(20(10(5,),25),40(35,45)),70(60(55,65),80(75,90)))
50(30(20(10(5,15),25),40(35,45)),70(60(55,65),80(75,90)))
50(30(20(10(5,15),25(,27)),40(35,45)),70(60(55,65),80(75,90)))
50(30(20(10(5,15),25(,27)),40(35(33,),45)),70(60(55,65),80(75,90)))
50(30(20(10(5,15),25(,27)),40(35(33,37),45)),70(60(55,65),80(75,90)))
50(30(20(10(5,15),25(,27)),40(35(33,37),45(43,))),70(60(55,65),80(75,90)))
50(30(20(10(5,15),25(,27)),40(35(33,37),45(43,47))),70(60(55,65),80(75,90)))
50(30(20(10(5,15),25(,27)),40(35(33,37),45(43,47))),70(60(55(53,),65),80(75,90)))
50(30(20(10(5,15),25(,27)),40(35(33,37),45(43,47))),70(60(55(53,57),65),80(75,90)))
50(30(20(10(5,15),25(,27)),40(35(33,37),45(43,47))),70(60(55(53,57),65(63,)),80(75,90)))
50(30(20(10(5,15),25(,27)),40(35(33,37),45(43,47))),70(60(55(53,57),65(63,67)),80(75,90)))
50(30(20(10(5,15),25(,27)),40(35(33,37),45(43,47))),70(60(55(53,57),65(63,67)),80(75(73,),90)))
50(30(20(10(5,15),25(,27)),40(35(33,37),45(43,47))),70(60(55(53,57),65(63,67)),80(75(73,77),90)))
50(30(20(10(5,15),25(,27)),40(35(33,37),45(43,47))),70(60(55(53,57),65(63,67)),80(75(73,77),90(85,))))
50(30(20(10(5,15),25(,27)),40(35(33,37),45(43,47))),70(60(55(53,57),65(63,67)),80(75(73,77),90(85,95))))
50(30(20(15(5,),25(,27)),40(35(33,37),45(43,47))),70(60(55(53,57),65(63,67)),80(75(73,77),90(85,95))))
50(30(20(15(5,),25(,27)),40(35(33,37),45(43,47))),70(60(55(53,57),65(63,67)),80(75(73,77),95(85,))))
53(30(20(15(5,),25(,27)),40(35(33,37),45(43,47))),70(60(55(,57),65(63,67)),80(75(73,77),95(85,))))
not found
duplicate
not found
53(30(20(5(-10,15),25(,27)),40(35(33,37),45(43,47))),70(60(55(,57),65(63,67)),80(75(73,77),95(85,))))
53(30(20(5(-10(,0),15),25(,27)),40(35(33,37),45(43,47))),70(60(55(,57),65(63,67)),80(75(73,77),95(85,))))
53(30(20(5(-10(-20,0),15),25(,27)),40(35(33,37),45(43,47))),70(60(55(,57),65(63,67)),80(75(73,77),95(85,))))
53(30(20(0(-10(-20,-5),5(,15)),25(,27)),40(35(33,37),45(43,47))),70(60(55(,57),65(63,67)),80(75(73,77),95(85,))))
found
53(30(0(-10(-20,-5),25(5(,15),27)),40(35(33,37),45(43,47))),70(60(55(,57),65(63,67)),80(75(73,77),95(85,))))
53(30(0(-10(-20,-5),25(5(,15),27)),40(35(33,37),45(43,47))),73(60(55(,57),65(63,67)),80(75(,77),95(85,))))
53(33(0(-10(-20,-5),25(5(,15),27)),40(35(,37),45(43,47))),73(60(55(,57),65(63,67)),80(75(,77),95(85,))))
-20 -10 -5 0 5 15 25 27 33 35 37 40 43 45 47 53 55 57 60 63 65 67 73 75 77 80 85 95
53(33(0(-10(-20,-5),25(15(5,22),27)),40(35(,37),45(43,47))),73(60(55(,57),65(63,67)),80(75(,77),95(85,))))
53(33(0(-10(-20,-5),22(15(5,),25(24,27))),40(35(,37),45(43,47))),73(60(55(,57),65(63,67)),80(75(,77),95(85,))))
53(33(22(0(-10(-20,-5),15(5,)),25(24,27(26,))),40(35(,37),45(43,47))),73(60(55(,57),65(63,67)),80(75(,77),95(85,))))
53(33(22(0(-10(-20,-5),15(5,)),25(24,27(26,28))),40(35(,37),45(43,47))),73(60(55(,57),65(63,67)),80(75(,77),95(85,))))
53(33(22(0(-10(-20,-5),15(5,)),27(25(24,26),28(,32))),40(35(,37),45(43,47))),73(60(55(,57),65(63,67)),80(75(,77),95(85,))))
53(33(22(0(-10(-20,-5),15(5,)),27(25(24,26),28(,32))),40(35(34,37),45(43,47))),73(60(55(,57),65(63,67)),80(75(,77),95(85,))))
53(33(22(0(-10(-20,-5),15(5,)),27(25(24,26),28(,32))),40(35(34,37(36,)),45(43,47))),73(60(55(,57),65(63,67)),80(75(,77),95(85,))))
53(33(22(0(-10(-20,-5),15(5,)),27(25(24,26),28(,32))),40(35(34,37(36,38)),45(43,47))),73(60(55(,57),65(63,67)),80(75(,77),95(85,))))
53(33(22(0(-10(-20,-5),15(5,)),27(26(24,),28(,32))),40(35(34,37(36,38)),45(43,47))),73(60(55(,57),65(63,67)),80(75(,77),95(85,))))
53(33(22(0(-10(-20,-5),15(5,)),27(26(24,),28(,32))),40(36(34,37(,38)),45(43,47))),73(60(55(,57),65(63,67)),80(75(,77),95(85,))))
53(33(22(0(-10(-20,-5),15(5,)),27(26(24,),28(,32))),40(36(34,37(,38)),47(43,))),73(60(55(,57),65(63,67)),80(75(,77),95(85,))))
53(33(22(0(-10(-20,-5),15(5,)),27(26(24,),28(,32))),40(36(34,37(,38)),47(43,))),73(60(57,65(63,67)),80(75(,77),95(85,))))
53(33(22(0(-10(-20,-5),15(5,)),27(26(24,),28(,32))),40(36(34,37(,38)),47(43,))),73(60(57,67(63,)),80(75(,77),95(85,))))
53(33(22(0(-10(-20,-5),15(5,)),27(26(24,),28(,32))),40(36(34,37(,38)),47(43,))),73(60(57,67(63,)),80(77,95(85,))))
not found
53(33(22(0(-10(,-5),15(5,)),27(26(24,),28(,32))),40(36(34,37(,38)),47(43,))),73(60(57,67(63,)),80(77,95(85,))))
53(33(22(5(-10(,-5),15),27(26(24,),28(,32))),40(36(34,37(,38)),47(43,))),73(60(57,67(63,)),80(77,95(85,))))
53(33(22(5(-10(,-5),15),27(26(24,),28(,32))),40(36(34,37(,38)),47(43,))),73(60(57,67(63,)),80(77,95(85,100))))
53(33(22(5(-10(,-5),15),27(26(24,),28(,32))),40(36(34,37(,38)),47(43,))),73(60(57,67(63,)),95(80(77,85),100(,110))))
53(33(22(5(-10(,-5),15),27(26(24,),28(,32))),40(36(34,37(,38)),47(43,))),73(60(57,67(63,)),95(80(77,85),105(100,110))))
53(33(22(5(-10(,-5),15),27(26(24,),28(,32))),40(36(34,37(,38)),47(43,))),73(60(57,67(63,)),100(80(77,85),105(,110))))
53(33(22(-5(-10,15),27(26(24,),28(,32))),40(36(34,37(,38)),47(43,))),73(60(57,67(63,)),100(80(77,85),105(,110))))
found
duplicate
not found
-10 -5 15 22 24 26 27 28 32 33 34 36 37 38 40 43 47 53 57 60 63 67 73 77 80 85 100 105 110
53(33(22(-5(-10,15),27(26(24,),28(,32))),37(36(34,),43(38,47))),73(60(57,67(63,)),100(80(77,85),105(,110))))
53(33(22(-5(-10,15),27(26(24,),28(,32))),37(36(34,),43(38,47))),73(63(57,67),100(80(77,85),105(,110))))
53(33(22(-5(-10,15),27(26(24,),28(,32))),37(36(34,),43(38,47))),73(63(57,67),100(85(77,),105(,110))))
53(33(22(-5(-10,15),27(26(24,),28(,32))),37(36(34,),43(38,47))),73(63(57,67),105(85(77,),110)))
found
33(22(-5(-10,15),27(26(24,),28(,32))),53(37(36(34,),43(38,47)),73(63(57,67),85(77,105))))
not found
